0  0  0  212.132  212.132
0.01  1.76777e-05  0.710642  163.097  163.192
0.02  4.32987e-05  1.26209  132.434  132.607
0.03  7.5819e-05  1.71475  111.442  111.683
0.04  0.000114467  2.10035  96.1643  96.4682
0.05  0.000158661  2.43756  84.5436  84.9074
0.06  0.000207955  2.73829  75.4044  75.8259
0.07  0.000262  3.01061  68.0261  68.5038
0.08  0.000320515  3.26022  61.9426  62.4755
0.09  0.000383276  3.4913  56.839  57.4261
0.1  0.000450097  3.70701  52.4946  53.1355
0.11  0.000520826  3.90979  48.7507  49.4447
0.12  0.000595336  4.10156  45.4896  46.2365
0.13  0.000673524  4.28386  42.6227  43.4222
0.14  0.000755299  4.45796  40.0818  40.9335
0.15  0.00084059  4.62488  37.8135  38.7173
0.16  0.000929334  4.78549  35.7755  36.7312
0.17  0.00102148  4.94053  33.9338  34.9413
0.18  0.00111698  5.0906  32.2607  33.32
0.19  0.00121581  5.23624  30.7337  31.8446
0.2  0.00131794  5.37792  29.334  30.4964
0.21  0.00142334  5.51602  28.0457  29.2597
0.22  0.00153199  5.65091  26.8558  28.1212
0.23  0.00164389  5.78288  25.7531  27.0699
0.24  0.00175903  5.91222  24.7279  26.0961
0.25  0.00187739  6.03915  23.772  25.1916
0.26  0.00199898  6.16391  22.8783  24.3494
0.27  0.0021238  6.28667  22.0407  23.5632
0.28  0.00225185  6.40763  21.2538  22.8278
0.29  0.00238315  6.52693  20.5129  22.1383
0.3  0.00251769  6.64471  19.8138  21.4907
0.31  0.00265549  6.76111  19.1529  20.8813
0.32  0.00279656  6.87625  18.527  20.3068
0.33  0.00294092  6.99024  17.933  19.7645
0.34  0.00308858  7.10317  17.3685  19.2516
0.35  0.00323956  7.21513  16.8312  18.7659
0.36  0.00339388  7.32622  16.3189  18.3053
0.37  0.00355157  7.43651  15.8298  17.8679
0.38  0.00371264  7.54607  15.3622  17.4521
0.39  0.00387711  7.65497  14.9146  17.0563
0.4  0.00404502  7.76327  14.4856  16.6792
0.41  0.00421639  7.87103  14.0738  16.3194
0.42  0.00439124  7.9783  13.6783  15.9758
0.43  0.0045696  8.08514  13.2978  15.6475
0.44  0.00475151  8.1916  12.9315  15.3333
0.45  0.00493699  8.29771  12.5785  15.0324
0.46  0.00512608  8.40353  12.2378  14.7441
0.47  0.0053188  8.50909  11.9089  14.4675
0.48  0.00551519  8.61442  11.591  14.202
0.49  0.00571529  8.71957  11.2835  13.947
0.5  0.00591913  8.82457  10.9857  13.7018
0.51  0.00612674  8.92945  10.6972  13.4659
0.52  0.00633816  9.03424  10.4173  13.2388
0.53  0.00655343  9.13897  10.1458  13.02
0.54  0.00677259  9.24367  9.882  12.8092
0.55  0.00699567  9.34836  9.62564  12.6058
0.56  0.00722273  9.45307  9.3763  12.4095
0.57  0.00745378  9.55782  9.13362  12.22
0.58  0.00768889  9.66263  8.89726  12.0368
0.59  0.00792809  9.76754  8.66693  11.8598
0.6  0.00817142  9.87255  8.44233  11.6886
0.61  0.00841892  9.97769  8.22317  11.523
0.62  0.00867065  10.083  8.00921  11.3626
0.63  0.00892665  10.1884  7.8002  11.2073
0.64  0.00918696  10.2941  7.59591  11.0568
0.65  0.00945163  10.3999  7.39613  10.9109
0.66  0.00972071  10.506  7.20066  10.7693
0.67  0.00999424  10.6123  7.00931  10.632
0.68  0.0102723  10.7188  6.82189  10.4988
0.69  0.0105549  10.8256  6.63824  10.3694
0.7  0.0108421  10.9327  6.45819  10.2437
0.71  0.0111339  11.0401  6.2816  10.1215
0.72  0.0114305  11.1478  6.10831  10.0028
0.73  0.0117318  11.2558  5.93819  9.88726
0.74  0.0120379  11.3641  5.77112  9.77491
0.75  0.0123489  11.4728  5.60696  9.66557
0.76  0.0126649  11.5819  5.44561  9.55913
0.77  0.0129858  11.6913  5.28695  9.45548
0.78  0.0133117  11.8011  5.13087  9.3545
0.79  0.0136427  11.9113  4.97727  9.2561
0.8  0.0139789  12.022  4.82606  9.16017
0.81  0.0143203  12.133  4.67715  9.06664
0.82  0.014667  12.2445  4.53045  8.97541
0.83  0.015019  12.3564  4.38588  8.8864
0.84  0.0153763  12.4687  4.24336  8.79952
0.85  0.0157392  12.5815  4.10281  8.7147
0.86  0.0161075  12.6948  3.96415  8.63187
0.87  0.0164814  12.8086  3.82734  8.55095
0.88  0.016861  12.9228  3.69228  8.47188
0.89  0.0172463  13.0376  3.55894  8.3946
0.9  0.0176373  13.1528  3.42723  8.31903
0.91  0.0180342  13.2686  3.29711  8.24513
0.92  0.0184369  13.3849  3.16853  8.17283
0.93  0.0188457  13.5017  3.04142  8.10208
0.94  0.0192605  13.6191  2.91574  8.03283
0.95  0.0196814  13.7371  2.79144  7.96503
0.96  0.0201085  13.8556  2.66848  7.89862
0.97  0.0205418  13.9746  2.54681  7.83356
0.98  0.0209815  14.0943  2.42639  7.7698
0.99  0.0214276  14.2145  2.30717  7.7073
1  0.0218801  14.3353  2.18913  7.64602
1.01  0.0223392  14.4567  2.07222  7.58592
1.02  0.022805  14.5788  1.9564  7.52695
1.03  0.0232774  14.7014  1.84166  7.46908
1.04  0.0237566  14.8247  1.72794  7.41227
1.05  0.0242426  14.9486  1.61522  7.35649
1.06  0.0247356  15.0732  1.50348  7.30169
1.07  0.0252357  15.1984  1.39268  7.24786
1.08  0.0257428  15.3242  1.2828  7.19495
1.09  0.0262571  15.4507  1.1738  7.14293
1.1  0.0267786  15.5779  1.06568  7.09177
1.11  0.0273076  15.7058  0.958392  7.04145
1.12  0.0278439  15.8344  0.851929  6.99193
1.13  0.0283878  15.9636  0.746265  6.94319
1.14  0.0289392  16.0936  0.641381  6.8952
1.15  0.0294984  16.2242  0.537256  6.84794
1.16  0.0300654  16.3556  0.433874  6.80137
1.17  0.0306402  16.4877  0.331216  6.75547
1.18  0.031223  16.6205  0.229267  6.71022
1.19  0.0318138  16.7541  0.12801  6.6656
1.2  0.0324128  16.8884  0.0274324  6.62159
1.21  0.0330201  17.0234  -0.072481  6.57815
1.22  0.0336356  17.1592  -0.171743  6.53528
1.23  0.0342597  17.2958  -0.270365  6.49295
1.24  0.0348922  17.4332  -0.368359  6.45113
1.25  0.0355334  17.5713  -0.465736  6.40982
1.26  0.0361833  17.7102  -0.562505  6.36898
1.27  0.0368421  17.8499  -0.658676  6.32861
1.28  0.0375098  17.9904  -0.754257  6.28869
1.29  0.0381865  18.1317  -0.849256  6.24919
1.3  0.0388723  18.2738  -0.943681  6.21011
1.31  0.0395674  18.4168  -1.03754  6.17142
1.32  0.0402719  18.5605  -1.13083  6.13311
1.33  0.0409858  18.7051  -1.22357  6.09516
1.34  0.0417093  18.8506  -1.31576  6.05756
1.35  0.0424425  18.9968  -1.4074  6.0203
1.36  0.0431855  19.144  -1.4985  5.98335
1.37  0.0439383  19.292  -1.58906  5.94672
1.38  0.0447012  19.4408  -1.67909  5.91038
1.39  0.0454743  19.5905  -1.76858  5.87433
1.4  0.0462575  19.7412  -1.85754  5.83854
1.41  0.0470512  19.8927  -1.94596  5.80302
1.42  0.0478553  20.0451  -2.03387  5.76774
1.43  0.04867  20.1983  -2.12124  5.7327
1.44  0.0494955  20.3525  -2.20809  5.69789
1.45  0.0503318  20.5077  -2.29441  5.66329
1.46  0.051179  20.6637  -2.3802  5.6289
1.47  0.0520374  20.8207  -2.46547  5.59472
1.48  0.052907  20.9785  -2.55022  5.56072
1.49  0.053788  21.1374  -2.63443  5.5269
1.5  0.0546804  21.2972  -2.71812  5.49326
1.51  0.0555844  21.4579  -2.80127  5.45979
1.52  0.0565002  21.6196  -2.8839  5.42647
1.53  0.0574279  21.7823  -2.96599  5.39331
1.54  0.0583676  21.9459  -3.04755  5.3603
1.55  0.0593195  22.1106  -3.12858  5.32742
1.56  0.0602836  22.2762  -3.20906  5.29468
1.57  0.0612602  22.4428  -3.28901  5.26207
1.58  0.0622493  22.6104  -3.36841  5.22959
1.59  0.0632512  22.7791  -3.44727  5.19722
1.6  0.0642659  22.9487  -3.52558  5.16497
1.61  0.0652936  23.1194  -3.60335  5.13282
1.62  0.0663345  23.2911  -3.68056  5.10079
1.63  0.0673887  23.4639  -3.75722  5.06885
1.64  0.0684563  23.6377  -3.83332  5.03702
1.65  0.0695376  23.8125  -3.90886  5.00528
1.66  0.0706326  23.9884  -3.98384  4.97364
1.67  0.0717415  24.1654  -4.05826  4.94209
1.68  0.0728645  24.3435  -4.13211  4.91062
1.69  0.0740017  24.5226  -4.20539  4.87924
1.7  0.0751533  24.7029  -4.2781  4.84795
1.71  0.0763195  24.8842  -4.35024  4.81673
1.72  0.0775004  25.0667  -4.4218  4.7856
1.73  0.0786962  25.2502  -4.49279  4.75455
1.74  0.079907  25.4349  -4.56319  4.72357
1.75  0.0811331  25.6207  -4.63302  4.69267
1.76  0.0823745  25.8077  -4.70226  4.66185
1.77  0.0836315  25.9958  -4.77092  4.6311
1.78  0.0849043  26.1851  -4.83898  4.60043
1.79  0.086193  26.3755  -4.90647  4.56983
1.8  0.0874978  26.5671  -4.97336  4.53931
1.81  0.0888189  26.7598  -5.03966  4.50886
1.82  0.0901564  26.9538  -5.10536  4.47848
1.83  0.0915106  27.1489  -5.17048  4.44818
1.84  0.0928816  27.3453  -5.23499  4.41796
1.85  0.0942697  27.5428  -5.29892  4.38781
1.86  0.095675  27.7416  -5.36224  4.35773
1.87  0.0970976  27.9416  -5.42497  4.32773
1.88  0.0985379  28.1429  -5.48711  4.2978
1.89  0.099996  28.3454  -5.54864  4.26796
1.9  0.101472  28.5491  -5.60958  4.23819
1.91  0.102966  28.7541  -5.66992  4.2085
1.92  0.104479  28.9604  -5.72966  4.17888
1.93  0.10601  29.168  -5.7888  4.14935
1.94  0.107561  29.3768  -5.84735  4.1199
1.95  0.10913  29.5869  -5.9053  4.09054
1.96  0.110718  29.7984  -5.96265  4.06126
1.97  0.112326  30.0111  -6.01941  4.03206
1.98  0.113954  30.2252  -6.07557  4.00295
1.99  0.115601  30.4407  -6.13114  3.97393
2  0.117269  30.6574  -6.18612  3.94499
2.01  0.118956  30.8755  -6.2405  3.91615
2.02  0.120665  31.095  -6.2943  3.88739
2.03  0.122394  31.3158  -6.34751  3.85873
2.04  0.124145  31.5381  -6.40013  3.83017
2.05  0.125916  31.7617  -6.45216  3.8017
2.06  0.127709  31.9867  -6.50362  3.77333
2.07  0.129524  32.2131  -6.55449  3.74505
2.08  0.131361  32.441  -6.60478  3.71688
2.09  0.13322  32.6702  -6.6545  3.68881
2.1  0.135101  32.9009  -6.70364  3.66084
2.11  0.137005  33.1331  -6.75221  3.63297
2.12  0.138933  33.3667  -6.80021  3.60521
2.13  0.140883  33.6018  -6.84765  3.57756
2.14  0.142857  33.8384  -6.89452  3.55001
2.15  0.144854  34.0764  -6.94082  3.52258
2.16  0.146876  34.316  -6.98657  3.49526
2.17  0.148922  34.557  -7.03177  3.46805
2.18  0.150992  34.7996  -7.07641  3.44095
2.19  0.153088  35.0437  -7.12051  3.41397
2.2  0.155208  35.2894  -7.16406  3.3871
2.21  0.157354  35.5366  -7.20706  3.36035
2.22  0.159525  35.7853  -7.24953  3.33373
2.23  0.161722  36.0357  -7.29146  3.30722
2.24  0.163946  36.2876  -7.33287  3.28083
2.25  0.166196  36.5411  -7.37374  3.25457
2.26  0.168473  36.7962  -7.41409  3.22843
2.27  0.170777  37.053  -7.45392  3.20241
2.28  0.173108  37.3114  -7.49323  3.17652
2.29  0.175467  37.5714  -7.53203  3.15076
2.3  0.177854  37.833  -7.57032  3.12513
2.31  0.180269  38.0964  -7.6081  3.09962
2.32  0.182713  38.3614  -7.64539  3.07425
2.33  0.185186  38.628  -7.68217  3.049
2.34  0.187688  38.8964  -7.71847  3.02389
2.35  0.19022  39.1665  -7.75427  2.99892
2.36  0.192782  39.4383  -7.7896  2.97407
2.37  0.195373  39.7119  -7.82444  2.94936
2.38  0.197996  39.9872  -7.85881  2.92479
2.39  0.200649  40.2642  -7.8927  2.90035
2.4  0.203334  40.5431  -7.92613  2.87605
2.41  0.20605  40.8237  -7.9591  2.85189
2.42  0.208798  41.1061  -7.9916  2.82786
2.43  0.211578  41.3903  -8.02366  2.80397
2.44  0.214391  41.6763  -8.05526  2.78023
2.45  0.217237  41.9641  -8.08642  2.75662
2.46  0.220116  42.2538  -8.11714  2.73316
2.47  0.223029  42.5454  -8.14742  2.70983
2.48  0.225976  42.8388  -8.17727  2.68665
2.49  0.228958  43.1342  -8.20669  2.66361
2.5  0.231974  43.4314  -8.2357  2.64071
2.51  0.235026  43.7305  -8.26428  2.61796
2.52  0.238113  44.0315  -8.29245  2.59534
2.53  0.241236  44.3345  -8.32021  2.57287
2.54  0.244396  44.6394  -8.34756  2.55055
2.55  0.247592  44.9463  -8.37452  2.52837
2.56  0.250826  45.2552  -8.40107  2.50633
2.57  0.254097  45.5661  -8.42724  2.48444
2.58  0.257406  45.8789  -8.45302  2.46269
2.59  0.260753  46.1938  -8.47842  2.44109
2.6  0.26414  46.5107  -8.50344  2.41963
2.61  0.267565  46.8297  -8.52809  2.39832
2.62  0.271031  47.1507  -8.55236  2.37715
2.63  0.274536  47.4738  -8.57628  2.35613
2.64  0.278082  47.799  -8.59983  2.33525
2.65  0.281669  48.1263  -8.62302  2.31452
2.66  0.285297  48.4557  -8.64587  2.29393
2.67  0.288968  48.7872  -8.66836  2.27349
2.68  0.29268  49.1209  -8.69052  2.25319
2.69  0.296436  49.4567  -8.71233  2.23304
2.7  0.300235  49.7948  -8.73381  2.21303
2.71  0.304077  50.135  -8.75496  2.19317
2.72  0.307964  50.4774  -8.77579  2.17345
2.73  0.311895  50.8221  -8.79629  2.15387
2.74  0.315872  51.169  -8.81647  2.13444
2.75  0.319894  51.5181  -8.83634  2.11515
2.76  0.323963  51.8695  -8.8559  2.096
2.77  0.328078  52.2232  -8.87516  2.077
2.78  0.33224  52.5792  -8.89411  2.05814
2.79  0.33645  52.9375  -8.91277  2.03942
2.8  0.340708  53.2981  -8.93113  2.02085
2.81  0.345015  53.6611  -8.94921  2.00241
2.82  0.349371  54.0265  -8.96699  1.98412
2.83  0.353777  54.3942  -8.9845  1.96597
2.84  0.358234  54.7643  -9.00173  1.94795
2.85  0.362741  55.1369  -9.01868  1.93008
2.86  0.3673  55.5119  -9.03537  1.91235
2.87  0.37191  55.8893  -9.05178  1.89475
2.88  0.376574  56.2692  -9.06794  1.8773
2.89  0.38129  56.6515  -9.08383  1.85998
2.9  0.38606  57.0364  -9.09947  1.8428
2.91  0.390884  57.4238  -9.11486  1.82576
2.92  0.395763  57.8137  -9.13  1.80885
2.93  0.400698  58.2061  -9.1449  1.79208
2.94  0.405689  58.6012  -9.15955  1.77544
2.95  0.410736  58.9988  -9.17396  1.75894
2.96  0.41584  59.399  -9.18815  1.74257
2.97  0.421003  59.8018  -9.2021  1.72634
2.98  0.426224  60.2073  -9.21582  1.71024
2.99  0.431504  60.6154  -9.22932  1.69427
3  0.436844  61.0262  -9.2426  1.67843
3.01  0.442244  61.4397  -9.25566  1.66272
3.02  0.447706  61.8559  -9.2685  1.64715
3.03  0.453229  62.2749  -9.28114  1.6317
3.04  0.458814  62.6965  -9.29356  1.61638
3.05  0.464463  63.121  -9.30578  1.6012
3.06  0.470175  63.5482  -9.3178  1.58613
3.07  0.475952  63.9783  -9.32962  1.5712
3.08  0.481794  64.4111  -9.34125  1.55639
3.09  0.487701  64.8468  -9.35268  1.54171
3.1  0.493676  65.2854  -9.36392  1.52715
3.11  0.499717  65.7269  -9.37497  1.51272
3.12  0.505827  66.1712  -9.38584  1.49841
3.13  0.512005  66.6185  -9.39653  1.48422
3.14  0.518252  67.0687  -9.40704  1.47016
3.15  0.52457  67.5219  -9.41738  1.45621
3.16  0.530959  67.9781  -9.42754  1.44239
3.17  0.537419  68.4372  -9.43753  1.42869
3.18  0.543952  68.8994  -9.44735  1.4151
3.19  0.550559  69.3647  -9.45701  1.40164
3.2  0.557239  69.833  -9.4665  1.38829
3.21  0.563994  70.3043  -9.47583  1.37505
3.22  0.570824  70.7788  -9.48501  1.36194
3.23  0.577732  71.2564  -9.49403  1.34894
3.24  0.584716  71.7372  -9.5029  1.33605
3.25  0.591778  72.2211  -9.51162  1.32328
3.26  0.59892  72.7083  -9.52019  1.31062
3.27  0.606141  73.1986  -9.52861  1.29808
3.28  0.613443  73.6922  -9.53689  1.28564
3.29  0.620826  74.189  -9.54504  1.27332
3.3  0.628292  74.6891  -9.55304  1.2611
3.31  0.63584  75.1925  -9.5609  1.249
3.32  0.643473  75.6993  -9.56863  1.237
3.33  0.651191  76.2094  -9.57623  1.22511
3.34  0.658995  76.7228  -9.5837  1.21333
3.35  0.666886  77.2397  -9.59104  1.20165
3.36  0.674865  77.7599  -9.59826  1.19008
3.37  0.682932  78.2836  -9.60535  1.17862
3.38  0.691089  78.8108  -9.61232  1.16725
3.39  0.699337  79.3414  -9.61917  1.15599
3.4  0.707676  79.8756  -9.6259  1.14484
3.41  0.716108  80.4133  -9.63252  1.13378
3.42  0.724633  80.9545  -9.63902  1.12283
3.43  0.733253  81.4994  -9.64541  1.11197
3.44  0.741969  82.0478  -9.65169  1.10122
3.45  0.750781  82.5998  -9.65786  1.09056
3.46  0.75969  83.1556  -9.66393  1.08
3.47  0.768699  83.715  -9.66989  1.06954
3.48  0.777807  84.278  -9.67574  1.05918
3.49  0.787016  84.8449  -9.6815  1.04891
3.5  0.796326  85.4155  -9.68715  1.03873
3.51  0.80574  85.9898  -9.69271  1.02865
3.52  0.815257  86.568  -9.69817  1.01866
3.53  0.82488  87.15  -9.70353  1.00877
3.54  0.834609  87.7358  -9.70881  0.998962
3.55  0.844445  88.3256  -9.71399  0.989249
3.56  0.85439  88.9192  -9.71908  0.979626
3.57  0.864445  89.5168  -9.72408  0.970094
3.58  0.87461  90.1183  -9.72899  0.96065
3.59  0.884888  90.7239  -9.73382  0.951294
3.6  0.895278  91.3334  -9.73856  0.942025
3.61  0.905783  91.947  -9.74323  0.932844
3.62  0.916404  92.5647  -9.7478  0.923748
3.63  0.927142  93.1864  -9.7523  0.914737
3.64  0.937997  93.8123  -9.75672  0.905811
3.65  0.948972  94.4423  -9.76107  0.896969
3.66  0.960068  95.0766  -9.76533  0.888211
3.67  0.971285  95.715  -9.76953  0.879534
3.68  0.982626  96.3577  -9.77365  0.870939
3.69  0.994091  97.0046  -9.77769  0.862426
3.7  1.00568  97.6558  -9.78167  0.853993
3.71  1.0174  98.3114  -9.78557  0.845639
3.72  1.02925  98.9713  -9.78941  0.837365
3.73  1.04122  99.6356  -9.79318  0.829169
3.74  1.05333  100.304  -9.79688  0.82105
3.75  1.06557  100.977  -9.80052  0.813009
3.76  1.07795  101.655  -9.80409  0.805044
3.77  1.09046  102.337  -9.8076  0.797154
3.78  1.1031  103.024  -9.81105  0.78934
3.79  1.11589  103.715  -9.81443  0.7816
3.8  1.12881  104.411  -9.81776  0.773934
3.81  1.14188  105.111  -9.82103  0.766341
3.82  1.15509  105.816  -9.82424  0.75882
3.83  1.16844  106.526  -9.82739  0.751371
3.84  1.18194  107.241  -9.83049  0.743993
3.85  1.19559  107.96  -9.83354  0.736686
3.86  1.20938  108.684  -9.83653  0.729449
3.87  1.22333  109.413  -9.83946  0.722281
3.88  1.23742  110.146  -9.84235  0.715182
3.89  1.25168  110.885  -9.84518  0.708151
3.9  1.26608  111.628  -9.84796  0.701187
3.91  1.28065  112.377  -9.85069  0.69429
3.92  1.29537  113.13  -9.85338  0.68746
3.93  1.31025  113.889  -9.85602  0.680695
3.94  1.3253  114.652  -9.85861  0.673995
3.95  1.3405  115.421  -9.86115  0.66736
3.96  1.35588  116.194  -9.86365  0.660788
3.97  1.37142  116.973  -9.8661  0.65428
3.98  1.38713  117.757  -9.86851  0.647835
3.99  1.40301  118.546  -9.87088  0.641452
4  1.41906  119.341  -9.87321  0.635131
4.01  1.43529  120.141  -9.87549  0.62887
4.02  1.45169  120.946  -9.87774  0.622671
4.03  1.46827  121.756  -9.87994  0.616531
4.04  1.48503  122.572  -9.8821  0.61045
4.05  1.50198  123.393  -9.88423  0.604429
4.06  1.5191  124.22  -9.88632  0.598466
4.07  1.53642  125.052  -9.88837  0.59256
4.08  1.55392  125.89  -9.89038  0.586712
4.09  1.57161  126.733  -9.89236  0.580921
4.1  1.58949  127.582  -9.8943  0.575185
4.11  1.60756  128.437  -9.89621  0.569506
4.12  1.62583  129.297  -9.89808  0.563881
4.13  1.6443  130.163  -9.89992  0.558312
4.14  1.66297  131.035  -9.90173  0.552796
4.15  1.68184  131.913  -9.9035  0.547334
4.16  1.70091  132.796  -9.90524  0.541926
4.17  1.72019  133.686  -9.90695  0.536569
4.18  1.73968  134.581  -9.90864  0.531266
4.19  1.75937  135.482  -9.91029  0.526013
4.2  1.77928  136.39  -9.91191  0.520812
4.21  1.79941  137.303  -9.9135  0.515662
4.22  1.81975  138.222  -9.91506  0.510562
4.23  1.84031  139.148  -9.9166  0.505512
4.24  1.8611  140.08  -9.91811  0.500511
4.25  1.88211  141.018  -9.91959  0.495558
4.26  1.90334  141.962  -9.92104  0.490655
4.27  1.9248  142.912  -9.92247  0.485799
4.28  1.9465  143.869  -9.92387  0.48099
4.29  1.96843  144.832  -9.92525  0.476229
4.3  1.99059  145.802  -9.9266  0.471514
4.31  2.01299  146.778  -9.92793  0.466846
4.32  2.03564  147.76  -9.92923  0.462223
4.33  2.05852  148.75  -9.93051  0.457645
4.34  2.08166  149.745  -9.93177  0.453112
4.35  2.10504  150.748  -9.93301  0.448624
4.36  2.12867  151.757  -9.93422  0.444179
4.37  2.15256  152.772  -9.93541  0.439778
4.38  2.1767  153.795  -9.93658  0.435421
4.39  2.20111  154.824  -9.93773  0.431106
4.4  2.22577  155.861  -9.93885  0.426833
4.41  2.2507  156.904  -9.93996  0.422603
4.42  2.2759  157.954  -9.94105  0.418413
4.43  2.30137  159.011  -9.94212  0.414265
4.44  2.32711  160.075  -9.94317  0.410158
4.45  2.35312  161.146  -9.9442  0.406091
4.46  2.37942  162.225  -9.94521  0.402064
4.47  2.406  163.31  -9.9462  0.398077
4.48  2.43286  164.403  -9.94717  0.394129
4.49  2.46001  165.503  -9.94813  0.39022
4.5  2.48745  166.611  -9.94907  0.386349
4.51  2.51518  167.726  -9.94999  0.382516
4.52  2.54322  168.848  -9.9509  0.378721
4.53  2.57155  169.978  -9.95179  0.374963
4.54  2.60018  171.115  -9.95266  0.371242
4.55  2.62912  172.26  -9.95352  0.367558
4.56  2.65837  173.413  -9.95436  0.363911
4.57  2.68794  174.573  -9.95519  0.360299
4.58  2.71781  175.741  -9.956  0.356723
4.59  2.74801  176.917  -9.9568  0.353182
4.6  2.77853  178.1  -9.95759  0.349676
4.61  2.80938  179.292  -9.95835  0.346204
4.62  2.84056  180.491  -9.95911  0.342767
4.63  2.87206  181.699  -9.95985  0.339363
4.64  2.90391  182.914  -9.96058  0.335994
4.65  2.93609  184.138  -9.96129  0.332657
4.66  2.96862  185.37  -9.962  0.329353
4.67  3.0015  186.61  -9.96269  0.326082
4.68  3.03472  187.858  -9.96336  0.322844
4.69  3.0683  189.115  -9.96403  0.319637
4.7  3.10224  190.38  -9.96468  0.316462
4.71  3.13654  191.653  -9.96532  0.313318
4.72  3.1712  192.935  -9.96595  0.310205
4.73  3.20624  194.226  -9.96657  0.307124
4.74  3.24164  195.525  -9.96717  0.304072
4.75  3.27743  196.833  -9.96777  0.301051
4.76  3.31359  198.15  -9.96835  0.298059
4.77  3.35014  199.475  -9.96893  0.295098
4.78  3.38708  200.809  -9.96949  0.292165
4.79  3.42441  202.152  -9.97005  0.289261
4.8  3.46214  203.504  -9.97059  0.286386
4.81  3.50027  204.866  -9.97112  0.28354
4.82  3.5388  206.236  -9.97165  0.280722
4.83  3.57775  207.615  -9.97216  0.277931
4.84  3.6171  209.004  -9.97267  0.275169
4.85  3.65688  210.402  -9.97316  0.272433
4.86  3.69708  211.809  -9.97365  0.269725
4.87  3.7377  213.225  -9.97413  0.267043
4.88  3.77876  214.651  -9.9746  0.264388
4.89  3.82025  216.087  -9.97506  0.26176
4.9  3.86218  217.532  -9.97551  0.259157
4.91  3.90456  218.987  -9.97595  0.25658
4.92  3.94738  220.451  -9.97639  0.254029
4.93  3.99066  221.926  -9.97682  0.251503
4.94  4.0344  223.41  -9.97724  0.249001
4.95  4.0786  224.904  -9.97765  0.246525
4.96  4.12327  226.408  -9.97806  0.244073
4.97  4.16842  227.922  -9.97846  0.241646
4.98  4.21404  229.446  -9.97885  0.239242
4.99  4.26015  230.98  -9.97923  0.236863
5  4.30674  232.525  -9.97961  0.234507
5.01  4.35383  234.08  -9.97998  0.232174
5.02  4.40141  235.645  -9.98034  0.229865
5.03  4.4495  237.221  -9.9807  0.227578
5.04  4.4981  238.807  -9.98105  0.225314
5.05  4.54721  240.404  -9.98139  0.223073
5.06  4.59684  242.012  -9.98173  0.220853
5.07  4.647  243.63  -9.98206  0.218656
5.08  4.69768  245.259  -9.98238  0.216481
5.09  4.7489  246.899  -9.9827  0.214327
5.1  4.80067  248.55  -9.98302  0.212194
5.11  4.85298  250.212  -9.98333  0.210083
5.12  4.90584  251.885  -9.98363  0.207992
5.13  4.95926  253.569  -9.98392  0.205923
5.14  5.01324  255.265  -9.98422  0.203874
5.15  5.0678  256.972  -9.9845  0.201845
5.16  5.12293  258.69  -9.98478  0.199836
5.17  5.17864  260.419  -9.98506  0.197848
5.18  5.23494  262.161  -9.98533  0.195879
5.19  5.29183  263.914  -9.9856  0.193929
5.2  5.34933  265.678  -9.98586  0.191999
5.21  5.40743  267.454  -9.98611  0.190088
5.22  5.46614  269.243  -9.98636  0.188196
5.23  5.52547  271.043  -9.98661  0.186323
5.24  5.58543  272.855  -9.98685  0.184469
5.25  5.64602  274.679  -9.98709  0.182632
5.26  5.70725  276.516  -9.98733  0.180815
5.27  5.76912  278.365  -9.98755  0.179015
5.28  5.83164  280.226  -9.98778  0.177233
5.29  5.89482  282.099  -9.988  0.175469
5.3  5.95867  283.985  -9.98822  0.173722
5.31  6.02319  285.884  -9.98843  0.171993
5.32  6.08839  287.795  -9.98864  0.17028
5.33  6.15427  289.72  -9.98885  0.168585
5.34  6.22085  291.657  -9.98905  0.166907
5.35  6.28812  293.607  -9.98925  0.165245
5.36  6.35611  295.569  -9.98944  0.1636
5.37  6.42481  297.546  -9.98963  0.161971
5.38  6.49423  299.535  -9.98982  0.160359
5.39  6.56438  301.537  -9.99  0.158762
5.4  6.63527  303.553  -9.99019  0.157181
5.41  6.70691  305.583  -9.99036  0.155616
5.42  6.77929  307.626  -9.99054  0.154067
5.43  6.85244  309.682  -9.99071  0.152533
5.44  6.92635  311.753  -9.99088  0.151014
5.45  7.00105  313.837  -9.99104  0.14951
5.46  7.07652  315.935  -9.9912  0.148022
5.47  7.15279  318.047  -9.99136  0.146548
5.48  7.22986  320.173  -9.99152  0.145088
5.49  7.30773  322.314  -9.99167  0.143644
5.5  7.38643  324.469  -9.99182  0.142213
5.51  7.46594  326.638  -9.99197  0.140797
5.52  7.5463  328.821  -9.99211  0.139395
5.53  7.62749  331.02  -9.99226  0.138007
5.54  7.70954  333.233  -9.9924  0.136633
5.55  7.79245  335.46  -9.99253  0.135272
5.56  7.87622  337.703  -9.99267  0.133925
5.57  7.96088  339.961  -9.9928  0.132591
5.58  8.04642  342.233  -9.99293  0.13127
5.59  8.13286  344.521  -9.99306  0.129963
5.6  8.2202  346.824  -9.99318  0.128669
5.61  8.30846  349.143  -9.99331  0.127387
5.62  8.39764  351.477  -9.99343  0.126119
5.63  8.48775  353.826  -9.99355  0.124863
5.64  8.57881  356.192  -9.99366  0.123619
5.65  8.67082  358.573  -9.99378  0.122388
5.66  8.7638  360.97  -9.99389  0.121169
5.67  8.85774  363.383  -9.994  0.119962
5.68  8.95267  365.812  -9.99411  0.118767
5.69  9.0486  368.258  -9.99421  0.117584
5.7  9.14552  370.719  -9.99432  0.116413
5.71  9.24346  373.198  -9.99442  0.115253
5.72  9.34243  375.692  -9.99452  0.114105
5.73  9.44242  378.204  -9.99462  0.112969
5.74  9.54347  380.732  -9.99472  0.111844
5.75  9.64557  383.277  -9.99481  0.110729
5.76  9.74873  385.839  -9.9949  0.109627
5.77  9.85298  388.419  -9.995  0.108535
5.78  9.95831  391.015  -9.99509  0.107453
5.79  10.0647  393.629  -9.99517  0.106383
5.8  10.1723  396.26  -9.99526  0.105323
5.81  10.281  398.909  -9.99535  0.104274
5.82  10.3908  401.576  -9.99543  0.103235
5.83  10.5017  404.26  -9.99551  0.102207
5.84  10.6138  406.962  -9.99559  0.101189
5.85  10.7271  409.683  -9.99567  0.100181
5.86  10.8415  412.421  -9.99575  0.0991829
5.87  10.9572  415.178  -9.99583  0.0981948
5.88  11.0741  417.954  -9.9959  0.0972166
5.89  11.1921  420.748  -9.99597  0.0962481
5.9  11.3114  423.56  -9.99605  0.0952893
5.91  11.432  426.391  -9.99612  0.09434
5.92  11.5538  429.242  -9.99619  0.0934002
5.93  11.6769  432.111  -9.99626  0.0924697
5.94  11.8012  434.999  -9.99632  0.0915485
5.95  11.9269  437.907  -9.99639  0.0906364
5.96  12.0539  440.835  -9.99645  0.0897335
5.97  12.1821  443.781  -9.99652  0.0888395
5.98  12.3118  446.748  -9.99658  0.0879544
5.99  12.4427  449.734  -9.99664  0.0870782
6  12.5751  452.74  -9.9967  0.0862106
6.01  12.7088  455.767  -9.99676  0.0853517
6.02  12.8439  458.813  -9.99682  0.0845014
6.03  12.9804  461.88  -9.99687  0.0836595
6.04  13.1184  464.968  -9.99693  0.082826
6.05  13.2577  468.076  -9.99698  0.0820008
6.06  13.3986  471.205  -9.99704  0.0811838
6.07  13.5408  474.354  -9.99709  0.080375
6.08  13.6846  477.525  -9.99714  0.0795742
6.09  13.8299  480.717  -9.99719  0.0787814
6.1  13.9766  483.93  -9.99724  0.0779964
6.11  14.1249  487.165  -9.99729  0.0772193
6.12  14.2748  490.422  -9.99734  0.07645
6.13  14.4262  493.7  -9.99739  0.0756883
6.14  14.5792  497  -9.99744  0.0749341
6.15  14.7337  500.322  -9.99748  0.0741875
6.16  14.8899  503.666  -9.99753  0.0734484
6.17  15.0477  507.033  -9.99757  0.0727165
6.18  15.2071  510.422  -9.99761  0.071992
6.19  15.3682  513.834  -9.99766  0.0712747
6.2  15.531  517.269  -9.9977  0.0705645
6.21  15.6954  520.727  -9.99774  0.0698614
6.22  15.8616  524.207  -9.99778  0.0691654
6.23  16.0294  527.711  -9.99782  0.0684762
6.24  16.1991  531.239  -9.99786  0.0677939
6.25  16.3705  534.79  -9.9979  0.0671184
6.26  16.5436  538.364  -9.99793  0.0664496
6.27  16.7186  541.963  -9.99797  0.0657875
6.28  16.8954  545.586  -9.99801  0.065132
6.29  17.074  549.232  -9.99804  0.064483
6.3  17.2544  552.904  -9.99808  0.0638405
6.31  17.4368  556.6  -9.99811  0.0632044
6.32  17.621  560.32  -9.99814  0.0625746
6.33  17.8071  564.065  -9.99818  0.0619511
6.34  17.9952  567.836  -9.99821  0.0613338
6.35  18.1852  571.631  -9.99824  0.0607226
6.36  18.3772  575.452  -9.99827  0.0601176
6.37  18.5712  579.299  -9.9983  0.0595185
6.38  18.7672  583.171  -9.99833  0.0589255
6.39  18.9652  587.069  -9.99836  0.0583383
6.4  19.1653  590.993  -9.99839  0.057757
6.41  19.3674  594.944  -9.99842  0.0571815
6.42  19.5716  598.92  -9.99845  0.0566117
6.43  19.778  602.924  -9.99847  0.0560476
6.44  19.9865  606.954  -9.9985  0.0554891
6.45  20.1971  611.011  -9.99853  0.0549362
6.46  20.41  615.095  -9.99855  0.0543887
6.47  20.625  619.207  -9.99858  0.0538468
6.48  20.8423  623.345  -9.9986  0.0533102
6.49  21.0618  627.512  -9.99863  0.052779
6.5  21.2836  631.707  -9.99865  0.052253
6.51  21.5076  635.929  -9.99868  0.0517323
6.52  21.734  640.18  -9.9987  0.0512168
6.53  21.9628  644.459  -9.99872  0.0507065
6.54  22.1939  648.767  -9.99874  0.0502012
6.55  22.4274  653.103  -9.99877  0.0497009
6.56  22.6633  657.469  -9.99879  0.0492057
6.57  22.9016  661.863  -9.99881  0.0487153
6.58  23.1424  666.287  -9.99883  0.0482299
6.59  23.3857  670.741  -9.99885  0.0477493
6.6  23.6315  675.224  -9.99887  0.0472734
6.61  23.8799  679.738  -9.99889  0.0468024
6.62  24.1308  684.281  -9.99891  0.046336
6.63  24.3844  688.855  -9.99893  0.0458742
6.64  24.6405  693.46  -9.99895  0.0454171
6.65  24.8993  698.095  -9.99897  0.0449645
6.66  25.1607  702.761  -9.99898  0.0445164
6.67  25.4249  707.458  -9.999  0.0440728
6.68  25.6918  712.187  -9.99902  0.0436336
6.69  25.9614  716.948  -9.99904  0.0431988
6.7  26.2339  721.74  -9.99905  0.0427683
6.71  26.5091  726.564  -9.99907  0.0423421
6.72  26.7872  731.421  -9.99909  0.0419201
6.73  27.0682  736.31  -9.9991  0.0415024
6.74  27.352  741.231  -9.99912  0.0410888
6.75  27.6388  746.186  -9.99913  0.0406794
6.76  27.9285  751.174  -9.99915  0.040274
6.77  28.2213  756.195  -9.99916  0.0398726
6.78  28.517  761.249  -9.99918  0.0394753
6.79  28.8159  766.338  -9.99919  0.0390819
6.8  29.1178  771.46  -9.99921  0.0386924
6.81  29.4228  776.617  -9.99922  0.0383068
6.82  29.7309  781.808  -9.99923  0.0379251
6.83  30.0422  787.033  -9.99925  0.0375471
6.84  30.3568  792.294  -9.99926  0.037173
6.85  30.6746  797.59  -9.99927  0.0368025
6.86  30.9956  802.921  -9.99928  0.0364358
6.87  31.32  808.288  -9.9993  0.0360727
6.88  31.6477  813.691  -9.99931  0.0357132
6.89  31.9788  819.13  -9.99932  0.0353573
6.9  32.3133  824.605  -9.99933  0.0350049
6.91  32.6513  830.117  -9.99934  0.0346561
6.92  32.9927  835.666  -9.99936  0.0343107
6.93  33.3377  841.251  -9.99937  0.0339688
6.94  33.6862  846.874  -9.99938  0.0336303
6.95  34.0383  852.535  -9.99939  0.0332951
6.96  34.394  858.234  -9.9994  0.0329633
6.97  34.7534  863.97  -9.99941  0.0326348
6.98  35.1165  869.745  -9.99942  0.0323096
6.99  35.4834  875.559  -9.99943  0.0319876
7  35.854  881.411  -9.99944  0.0316688
7.01  36.2284  887.303  -9.99945  0.0313532
7.02  36.6067  893.234  -9.99946  0.0310407
7.03  36.9889  899.204  -9.99947  0.0307314
7.04  37.375  905.215  -9.99948  0.0304251
7.05  37.7651  911.265  -9.99949  0.0301219
7.06  38.1592  917.356  -9.99949  0.0298217
7.07  38.5573  923.488  -9.9995  0.0295245
7.08  38.9596  929.661  -9.99951  0.0292303
7.09  39.366  935.875  -9.99952  0.028939
7.1  39.7765  942.131  -9.99953  0.0286506
7.11  40.1913  948.428  -9.99954  0.0283651
7.12  40.6104  954.768  -9.99954  0.0280824
7.13  41.0338  961.15  -9.99955  0.0278025
7.14  41.4615  967.574  -9.99956  0.0275254
7.15  41.8936  974.042  -9.99957  0.0272511
7.16  42.3302  980.552  -9.99957  0.0269795
7.17  42.7713  987.107  -9.99958  0.0267107
7.18  43.2169  993.705  -9.99959  0.0264445
7.19  43.667  1000.35  -9.99959  0.0261809
7.2  44.1218  1007.03  -9.9996  0.02592
7.21  44.5813  1013.76  -9.99961  0.0256617
7.22  45.0455  1020.54  -9.99961  0.0254059
7.23  45.5145  1027.36  -9.99962  0.0251528
7.24  45.9883  1034.23  -9.99963  0.0249021
7.25  46.4669  1041.14  -9.99963  0.0246539
7.26  46.9505  1048.1  -9.99964  0.0244082
7.27  47.439  1055.11  -9.99965  0.024165
7.28  47.9326  1062.16  -9.99965  0.0239241
7.29  48.4312  1069.26  -9.99966  0.0236857
7.3  48.935  1076.41  -9.99966  0.0234496
7.31  49.4439  1083.6  -9.99967  0.0232159
7.32  49.9581  1090.85  -9.99967  0.0229846
7.33  50.4775  1098.14  -9.99968  0.0227555
7.34  51.0023  1105.48  -9.99969  0.0225287
7.35  51.5324  1112.87  -9.99969  0.0223042
7.36  52.068  1120.3  -9.9997  0.0220819
7.37  52.6091  1127.79  -9.9997  0.0218618
7.38  53.1558  1135.33  -9.99971  0.021644
7.39  53.708  1142.92  -9.99971  0.0214283
7.4  54.2659  1150.56  -9.99972  0.0212147
7.41  54.8296  1158.25  -9.99972  0.0210033
7.42  55.399  1165.99  -9.99973  0.020794
7.43  55.9743  1173.79  -9.99973  0.0205867
7.44  56.5555  1181.63  -9.99973  0.0203816
7.45  57.1426  1189.53  -9.99974  0.0201784
7.46  57.7358  1197.48  -9.99974  0.0199773
7.47  58.335  1205.49  -9.99975  0.0197782
7.48  58.9404  1213.54  -9.99975  0.0195811
7.49  59.552  1221.66  -9.99976  0.019386
7.5  60.1699  1229.82  -9.99976  0.0191928
7.51  60.7941  1238.04  -9.99976  0.0190015
7.52  61.4247  1246.32  -9.99977  0.0188121
7.53  62.0618  1254.65  -9.99977  0.0186246
7.54  62.7054  1263.03  -9.99977  0.018439
7.55  63.3556  1271.48  -9.99978  0.0182553
7.56  64.0124  1279.98  -9.99978  0.0180733
7.57  64.676  1288.53  -9.99979  0.0178932
7.58  65.3464  1297.14  -9.99979  0.0177149
7.59  66.0237  1305.82  -9.99979  0.0175383
7.6  66.7079  1314.54  -9.9998  0.0173635
7.61  67.3991  1323.33  -9.9998  0.0171905
7.62  68.0974  1332.18  -9.9998  0.0170192
7.63  68.8029  1341.08  -9.99981  0.0168495
7.64  69.5155  1350.05  -9.99981  0.0166816
7.65  70.2355  1359.07  -9.99981  0.0165154
7.66  70.9629  1368.15  -9.99982  0.0163508
7.67  71.6977  1377.3  -9.99982  0.0161878
7.68  72.44  1386.51  -9.99982  0.0160265
7.69  73.1899  1395.77  -9.99982  0.0158667
7.7  73.9476  1405.1  -9.99983  0.0157086
7.71  74.7129  1414.5  -9.99983  0.0155521
7.72  75.4861  1423.95  -9.99983  0.0153971
7.73  76.2672  1433.47  -9.99984  0.0152436
7.74  77.0563  1443.05  -9.99984  0.0150917
7.75  77.8535  1452.7  -9.99984  0.0149413
7.76  78.6589  1462.41  -9.99984  0.0147924
7.77  79.4725  1472.18  -9.99985  0.0146449
7.78  80.2944  1482.02  -9.99985  0.014499
7.79  81.1247  1491.93  -9.99985  0.0143545
7.8  81.9635  1501.9  -9.99985  0.0142114
7.81  82.811  1511.94  -9.99986  0.0140698
7.82  83.667  1522.05  -9.99986  0.0139296
7.83  84.5319  1532.22  -9.99986  0.0137907
7.84  85.4055  1542.46  -9.99986  0.0136533
7.85  86.2882  1552.77  -9.99986  0.0135172
7.86  87.1798  1563.15  -9.99987  0.0133825
7.87  88.0806  1573.6  -9.99987  0.0132491
7.88  88.9906  1584.12  -9.99987  0.0131171
7.89  89.9098  1594.71  -9.99987  0.0129864
7.9  90.8385  1605.37  -9.99987  0.0128569
7.91  91.7767  1616.1  -9.99988  0.0127288
7.92  92.7245  1626.9  -9.99988  0.0126019
7.93  93.6819  1637.78  -9.99988  0.0124763
7.94  94.6492  1648.72  -9.99988  0.012352
7.95  95.6263  1659.74  -9.99988  0.0122289
7.96  96.6134  1670.84  -9.99989  0.012107
7.97  97.6106  1682.01  -9.99989  0.0119864
7.98  98.618  1693.25  -9.99989  0.0118669
7.99  99.6357  1704.57  -9.99989  0.0117486
8  100.664  1715.96  -9.99989  0.0116315
8.01  101.702  1727.43  -9.99989  0.0115156
8.02  102.752  1738.98  -9.9999  0.0114008
8.03  103.812  1750.6  -9.9999  0.0112872
8.04  104.882  1762.31  -9.9999  0.0111747
8.05  105.964  1774.09  -9.9999  0.0110634
8.06  107.057  1785.95  -9.9999  0.0109531
8.07  108.161  1797.88  -9.9999  0.0108439
8.08  109.276  1809.9  -9.99991  0.0107359
8.09  110.402  1822  -9.99991  0.0106289
8.1  111.541  1834.18  -9.99991  0.0105229
8.11  112.69  1846.44  -9.99991  0.010418
8.12  113.852  1858.78  -9.99991  0.0103142
8.13  115.025  1871.21  -9.99991  0.0102114
8.14  116.21  1883.71  -9.99991  0.0101096
8.15  117.408  1896.31  -9.99992  0.0100089
8.16  118.617  1908.98  -9.99992  0.00990914
8.17  119.839  1921.74  -9.99992  0.00981038
8.18  121.074  1934.59  -9.99992  0.00971261
8.19  122.321  1947.52  -9.99992  0.00961581
8.2  123.58  1960.54  -9.99992  0.00951997
8.21  124.853  1973.64  -9.99992  0.00942509
8.22  126.139  1986.84  -9.99992  0.00933116
8.23  127.437  2000.12  -9.99993  0.00923816
8.24  128.749  2013.49  -9.99993  0.00914609
8.25  130.075  2026.95  -9.99993  0.00905493
8.26  131.414  2040.49  -9.99993  0.00896469
8.27  132.766  2054.13  -9.99993  0.00887534
8.28  134.132  2067.87  -9.99993  0.00878689
8.29  135.513  2081.69  -9.99993  0.00869931
8.3  136.907  2095.6  -9.99993  0.00861261
8.31  138.316  2109.61  -9.99993  0.00852677
8.32  139.739  2123.71  -9.99993  0.00844179
8.33  141.176  2137.91  -9.99994  0.00835766
8.34  142.628  2152.2  -9.99994  0.00827436
8.35  144.095  2166.59  -9.99994  0.00819189
8.36  145.577  2181.07  -9.99994  0.00811025
8.37  147.074  2195.65  -9.99994  0.00802942
8.38  148.586  2210.33  -9.99994  0.00794939
8.39  150.114  2225.1  -9.99994  0.00787017
8.4  151.657  2239.97  -9.99994  0.00779173
8.41  153.216  2254.95  -9.99994  0.00771407
8.42  154.791  2270.02  -9.99994  0.00763719
8.43  156.382  2285.2  -9.99994  0.00756108
8.44  157.989  2300.47  -9.99995  0.00748572
8.45  159.612  2315.85  -9.99995  0.00741111
8.46  161.253  2331.33  -9.99995  0.00733725
8.47  162.909  2346.91  -9.99995  0.00726412
8.48  164.583  2362.6  -9.99995  0.00719173
8.49  166.274  2378.39  -9.99995  0.00712005
8.5  167.982  2394.29  -9.99995  0.00704909
8.51  169.707  2410.3  -9.99995  0.00697883
8.52  171.45  2426.41  -9.99995  0.00690928
8.53  173.21  2442.63  -9.99995  0.00684042
8.54  174.989  2458.96  -9.99995  0.00677224
8.55  176.786  2475.39  -9.99995  0.00670475
8.56  178.601  2491.94  -9.99995  0.00663792
8.57  180.434  2508.6  -9.99996  0.00657177
8.58  182.287  2525.37  -9.99996  0.00650627
8.59  184.158  2542.25  -9.99996  0.00644142
8.6  186.048  2559.24  -9.99996  0.00637723
8.61  187.957  2576.35  -9.99996  0.00631367
8.62  189.886  2593.57  -9.99996  0.00625074
8.63  191.834  2610.91  -9.99996  0.00618844
8.64  193.803  2628.36  -9.99996  0.00612677
8.65  195.791  2645.93  -9.99996  0.0060657
8.66  197.799  2663.62  -9.99996  0.00600525
8.67  199.828  2681.43  -9.99996  0.0059454
8.68  201.878  2699.35  -9.99996  0.00588614
8.69  203.949  2717.39  -9.99996  0.00582748
8.7  206.04  2735.56  -9.99996  0.0057694
8.71  208.153  2753.85  -9.99996  0.0057119
8.72  210.287  2772.25  -9.99996  0.00565497
8.73  212.444  2790.79  -9.99996  0.00559861
8.74  214.622  2809.44  -9.99996  0.00554281
8.75  216.822  2828.22  -9.99997  0.00548757
8.76  219.044  2847.13  -9.99997  0.00543288
8.77  221.29  2866.16  -9.99997  0.00537873
8.78  223.558  2885.32  -9.99997  0.00532512
8.79  225.849  2904.61  -9.99997  0.00527205
8.8  228.163  2924.02  -9.99997  0.00521951
8.81  230.501  2943.57  -9.99997  0.00516749
8.82  232.863  2963.25  -9.99997  0.00511598
8.83  235.249  2983.05  -9.99997  0.005065
8.84  237.659  3003  -9.99997  0.00501452
8.85  240.093  3023.07  -9.99997  0.00496454
8.86  242.553  3043.28  -9.99997  0.00491506
8.87  245.037  3063.62  -9.99997  0.00486607
8.88  247.547  3084.1  -9.99997  0.00481757
8.89  250.082  3104.72  -9.99997  0.00476956
8.9  252.643  3125.47  -9.99997  0.00472202
8.91  255.23  3146.37  -9.99997  0.00467496
8.92  257.843  3167.4  -9.99997  0.00462837
8.93  260.483  3188.57  -9.99997  0.00458224
8.94  263.15  3209.89  -9.99997  0.00453657
8.95  265.843  3231.34  -9.99997  0.00449136
8.96  268.565  3252.95  -9.99997  0.00444659
8.97  271.313  3274.69  -9.99997  0.00440228
8.98  274.09  3296.58  -9.99997  0.0043584
8.99  276.895  3318.62  -9.99998  0.00431496
9  279.729  3340.8  -9.99998  0.00427196
9.01  282.591  3363.14  -9.99998  0.00422938
9.02  285.482  3385.62  -9.99998  0.00418723
9.03  288.403  3408.25  -9.99998  0.0041455
9.04  291.354  3431.03  -9.99998  0.00410418
9.05  294.334  3453.97  -9.99998  0.00406328
9.06  297.345  3477.06  -9.99998  0.00402278
9.07  300.386  3500.3  -9.99998  0.00398269
9.08  303.458  3523.7  -9.99998  0.00394299
9.09  306.562  3547.26  -9.99998  0.00390369
9.1  309.697  3570.97  -9.99998  0.00386479
9.11  312.864  3594.84  -9.99998  0.00382627
9.12  316.063  3618.87  -9.99998  0.00378813
9.13  319.294  3643.06  -9.99998  0.00375038
9.14  322.559  3667.42  -9.99998  0.003713
9.15  325.856  3691.93  -9.99998  0.003676
9.16  329.187  3716.61  -9.99998  0.00363936
9.17  332.552  3741.46  -9.99998  0.00360309
9.18  335.951  3766.47  -9.99998  0.00356718
9.19  339.384  3791.65  -9.99998  0.00353162
9.2  342.853  3817  -9.99998  0.00349643
9.21  346.356  3842.51  -9.99998  0.00346158
9.22  349.896  3868.2  -9.99998  0.00342708
9.23  353.471  3894.06  -9.99998  0.00339292
9.24  357.082  3920.09  -9.99998  0.00335911
9.25  360.73  3946.29  -9.99998  0.00332563
9.26  364.415  3972.68  -9.99998  0.00329248
9.27  368.138  3999.23  -9.99998  0.00325967
9.28  371.898  4025.97  -9.99998  0.00322718
9.29  375.697  4052.88  -9.99998  0.00319502
9.3  379.534  4079.97  -9.99998  0.00316317
9.31  383.41  4107.25  -9.99998  0.00313165
9.32  387.325  4134.71  -9.99998  0.00310043
9.33  391.28  4162.35  -9.99998  0.00306953
9.34  395.276  4190.17  -9.99998  0.00303894
9.35  399.311  4218.18  -9.99998  0.00300865
9.36  403.388  4246.38  -9.99998  0.00297867
9.37  407.506  4274.77  -9.99999  0.00294898
9.38  411.666  4303.34  -9.99999  0.00291959
9.39  415.868  4332.11  -9.99999  0.00289049
9.4  420.113  4361.07  -9.99999  0.00286168
9.41  424.401  4390.23  -9.99999  0.00283316
9.42  428.732  4419.58  -9.99999  0.00280492
9.43  433.108  4449.12  -9.99999  0.00277697
9.44  437.527  4478.86  -9.99999  0.00274929
9.45  441.992  4508.8  -9.99999  0.00272189
9.46  446.502  4538.95  -9.99999  0.00269476
9.47  451.057  4569.29  -9.99999  0.00266791
9.48  455.659  4599.84  -9.99999  0.00264132
9.49  460.308  4630.59  -9.99999  0.00261499
9.5  465.003  4661.54  -9.99999  0.00258893
9.51  469.746  4692.7  -9.99999  0.00256313
9.52  474.538  4724.08  -9.99999  0.00253758
9.53  479.378  4755.66  -9.99999  0.00251229
9.54  484.267  4787.45  -9.99999  0.00248725
9.55  489.205  4819.45  -9.99999  0.00246246
9.56  494.194  4851.67  -9.99999  0.00243792
9.57  499.234  4884.11  -9.99999  0.00241362
9.58  504.324  4916.76  -9.99999  0.00238956
9.59  509.466  4949.63  -9.99999  0.00236575
9.6  514.66  4982.72  -9.99999  0.00234217
9.61  519.907  5016.03  -9.99999  0.00231883
9.62  525.207  5049.56  -9.99999  0.00229572
9.63  530.561  5083.32  -9.99999  0.00227284
9.64  535.969  5117.3  -9.99999  0.00225018
9.65  541.432  5151.51  -9.99999  0.00222776
9.66  546.95  5185.95  -9.99999  0.00220555
9.67  552.524  5220.62  -9.99999  0.00218357
9.68  558.155  5255.52  -9.99999  0.00216181
9.69  563.843  5290.65  -9.99999  0.00214026
9.7  569.588  5326.02  -9.99999  0.00211893
9.71  575.392  5361.63  -9.99999  0.00209781
9.72  581.254  5397.47  -9.99999  0.00207691
9.73  587.176  5433.55  -9.99999  0.00205621
9.74  593.158  5469.88  -9.99999  0.00203571
9.75  599.201  5506.44  -9.99999  0.00201542
9.76  605.305  5543.26  -9.99999  0.00199534
9.77  611.47  5580.31  -9.99999  0.00197545
9.78  617.699  5617.62  -9.99999  0.00195576
9.79  623.99  5655.18  -9.99999  0.00193627
9.8  630.345  5692.98  -9.99999  0.00191697
9.81  636.764  5731.04  -9.99999  0.00189786
9.82  643.249  5769.35  -9.99999  0.00187895
9.83  649.799  5807.92  -9.99999  0.00186022
9.84  656.415  5846.75  -9.99999  0.00184168
9.85  663.099  5885.84  -9.99999  0.00182333
9.86  669.85  5925.19  -9.99999  0.00180516
9.87  676.67  5964.8  -9.99999  0.00178716
9.88  683.558  6004.68  -9.99999  0.00176935
9.89  690.517  6044.82  -9.99999  0.00175172
9.9  697.546  6085.23  -9.99999  0.00173426
9.91  704.646  6125.91  -9.99999  0.00171697
9.92  711.818  6166.87  -9.99999  0.00169986
9.93  719.063  6208.09  -9.99999  0.00168292
9.94  726.381  6249.6  -9.99999  0.00166615
9.95  733.773  6291.38  -9.99999  0.00164954
9.96  741.24  6333.44  -9.99999  0.0016331
9.97  748.783  6375.78  -9.99999  0.00161682
9.98  756.402  6418.4  -9.99999  0.00160071
